-1174.951 597.1351
-1175.798 596.358
-668.2112 3399.467
-663.2995 3405.003
-762.2557 3650.881
-699.8162 3630.817
-703.0208 3611.388
-532.7449 3417.466
-531.7773 3417.718
-483.7014 729.4564
-484.1278 730.4609
-440.7324 746.8835
-441.69 746.4771
-457.6008 720.2617
-456.6432 720.6682
-481.1649 700.434
-480.7584 699.4764
-466.6785 681.5759
-449.4657 685.5699
-448.508 685.9764
-481.5335 3377.024
-480.6041 3377.266
-232.5645 -1159.461
-232.7488 -1158.735
575.4322 867.2007
541.167 938.7631
535.4434 934.6477
674.4884 -91.50977
669.6132 -86.21574
655.7687 3585.948
1080.092 3352.274
1088.686 3350.506
1655.39 3368.881
2154.701 633.8685
2153.594 634.2512
2235.424 -1037.889
2269.027 -1029.905
2270.063 -1030.604
2260.266 -1021.73
2272.261 -1018.734
2224.842 -859.2418
2225.647 -859.819
2263.344 1835.283
2264.341 1835.459
